C = [10 20 ; 30 40];

D = [1 1; 2 3];

C * D;
C .^ D;
(C == 20) * D;
C  >  20 .* D;


