a1 = 1 + 2*3;
a2 = 4/2 * 2;
a3 = 1+2/4;
a5 = 2 * 2 ^ 3;
a6 = 2 * 3/3;
a7 = 2 ^(1+2)/3;

