x1 = 3 > 2;
x2 = -4 <= -3;
x3 = 1 < 1;
x4 = 2 ~= 2;
x5 = 3 == 3;

